7 0.937445934256055 0.49999999999999956 0.12510813148788946 0.5051903114186851
3 0.032115051903114186 0.448961937716263 0.06423010380622837 0.11591695501730108
3 0.2024221453287197 0.4091695501730104 0.2082612456747405 0.09169550173010378
3 0.32212370242214533 0.40743944636678203 0.044766435986159155 0.06055363321799305
3 0.3576448961937716 0.41435986159169547 0.04184688581314873 0.0467128027681661
3 0.7756271626297577 0.40743944636678203 0.11094290657439444 0.12975778546712802
8 0.873591171056771 0.3629796462113748 0.06909602076124564 0.30103806228373714
8 0.6741924847104543 0.367097834186935 0.08272058823529407 0.3096885813148789
8 0.5736916089965398 0.38840830449826996 0.04184688581314873 0.1470588235294118
8 0.039413927335640135 0.29498269896193774 0.057417820069204144 0.19550173010380625
7 0.5784489057745035 0.85334370994186 0.02282934888513861 0.5577775465502041
7 0.7975237889273356 0.7854671280276817 0.22285899653979235 0.05882352941176463
7 0.7177227508650518 0.5813148788927336 0.26567906574394456 0.020761245674740466
7 0.28560081904184736 0.8037607849273172 0.024329584775086305 0.5207612456747427
