3 0.17955233564013842 0.4705882352941173 0.3591046712802768 0.32179930795847683
3 0.4111699826989619 0.4204152249134948 0.1683607266435987 0.16262975778546718
3 0.9627487024221452 0.49740484429065746 0.07450259515570949 0.11937716262975777
3 0.8758650519031141 0.4550173010380623 0.11678200692041514 0.10726643598615922
7 0.9644247404844287 0.3347750865051903 0.0700692041522486 0.19550173010380623
7 0.35254198253132996 0.794244705440733 0.30931850822217677 0.036833419921045676
7 0.17654276982094214 0.9644163105372391 0.025922311782591037 0.330359981417234
7 0.1195323914359211 0.6995346009512654 0.18490484429065726 0.04671280276816616
7 0.08641476422889247 0.7517837482269539 0.13515836094547987 0.04325259515570945
7 0.3926832926293251 0.5470716418447272 0.05936418685121096 0.02595155709342557
7 0.7283068992903011 0.8708298875536593 0.021410034602076067 0.5617743154723511
