3 0.04500818330605563 0.6097270149082503 0.09001636661211126 0.3051868139732792
7 0.19801902099580537 0.7374312113122689 0.2767781685759138 0.03282427353704929
7 0.6770458894875745 0.7835676446540448 0.20776970266351896 0.028409590532551366
7 0.6202269682613076 0.6891895397376108 0.029482445385893275 0.2457730814167612
7 0.41418035000440084 0.8564296231702839 0.014932049068713236 0.5311675349116453
7 0.8106500331535359 0.7520545077284896 0.017864083610809083 0.3531379294495575
5 0.6847698286525103 0.5575860972850575 0.4664484451718495 0.032005819239861795
5 0.23158756137479541 0.6037461356610293 0.30278232405891986 0.03200581923986178
5 0.427898566073031 0.6016802874021061 0.06546644844517172 0.03200581923986186
5 0.3867624785000014 0.6015879151038002 0.045826513911620285 0.032005819239861885
10 0.7315875613747954 0.4568103291507547 0.10801963993453341 0.13384251682124032
10 0.8797054009819968 0.4902709583560647 0.17839607201309335 0.09019821785779236
10 0.5581014729950899 0.4989998181487543 0.2520458265139117 0.0727404982724132
10 0.3862520458265139 0.5091834879068923 0.09819967266775777 0.09310783778868888
10 0.34288052373158756 0.40443717039461724 0.18494271685761046 0.3026004728132388
10 0.1595744680851064 0.3913438807055829 0.19476268412438624 0.3055100927441353
