7 0.17238927627079112 0.7860689401918896 0.3447785525415823 0.03806228373702432
7 0.6093470403612089 0.873960025493685 0.03698096885813133 0.486159169550174
7 0.8909493944636678 0.9645328719723184 0.20534169550173004 0.06055363321799305
7 0.7702746539792387 0.6098615916955017 0.3668901384083045 0.03633217993079583
8 0.6870674740484429 0.36332179930795844 0.0934256055363322 0.3321799307958478
8 0.9227466999159675 0.36012207972540344 0.08564013840830449 0.3183391003460207
8 0.5819636678200691 0.38754325259515565 0.03892733564013838 0.15224913494809691
3 0.9817257785467127 0.47404844290657444 0.03654844290657451 0.10034602076124571
3 0.8452097750865051 0.4247404844290658 0.04573961937716262 0.1505190311418685
3 0.7868187716262974 0.40397923875432523 0.10996972318339104 0.1401384083044983
3 0.19025735294117646 0.4022491349480969 0.21312716262975775 0.12283737024221451
3 0.32261029411764697 0.4100346020761246 0.05157871972318333 0.06920415224913498
3 0.015084342560553632 0.4524221453287197 0.030168685121107264 0.1332179930795847
8 0.015382847913011661 0.3378383648942513 0.02617300755973257 0.28373702422145375
