7 0.7430182064171066 0.3687273595237452 0.3993453355155478 0.020315888506834034
7 0.7725002646923069 0.5650959355804155 0.30746943272457367 0.02031588850683403
7 0.5945905229708015 0.5923427510551498 0.02359005133909532 0.2166791755576546
7 0.5728314238952538 0.6095653755228223 0.006546644844517146 0.0029096199308965252
7 0.5428286394558175 0.38220882978058435 0.009319861325037202 0.07959666075397738
7 0.6873544721825142 0.30390491977171846 0.3149075725230616 0.01761351504275553
5 0.8602194639951213 0.24710595131347965 0.19476268412438572 0.03984896905703194
3 0.28232405891980356 0.21094744498999815 0.12929623567921436 0.1309328968903437
3 0.6636661211129297 0.19785415530096384 0.2438625204582651 0.1396617566830333
3 0.9525368248772506 0.4248045099108926 0.09165302782324071 0.3782505910165482
3 0.049099836333878884 0.23875047371894323 0.09819967266775777 0.15097695763576333
