3 0.17191011235955056 0.5024830031186598 0.3438202247191011 0.6529615842745388
5 0.5158900310270389 0.631818560080567 0.3699753747593014 0.043869096202073514
5 0.6943905184587552 0.9800784826637262 0.028281141044052084 0.6050314916391846
7 0.38075711827921666 0.8861555357464832 0.028089887640449333 0.4635200204827376
7 0.6580611681706958 0.9999269258140697 0.033038735723328584 0.6767094320279735
7 0.5262549854945634 0.8399742524099243 0.01638896707250596 0.3449398591625513
7 0.7523643738994602 0.8849938229332724 0.053069537723723116 0.18868436557383503
10 0.7123595505617978 0.4604244694132335 0.3550561797752809 0.24169787765293393
10 0.8342696629213484 0.6042446941323346 0.16067415730337076 0.15780274656679139
10 0.3752808988764045 0.49138576779026216 0.06292134831460672 0.22771535580524344
