3 0.8883001730103806 0.40484429065743943 0.22339965397923878 0.19031141868512108
3 0.74253892733564 0.38754325259515565 0.17711937716262974 0.12456747404844293
3 0.6262435121107266 0.39532871972318345 0.0515787197231834 0.07093425605536333
3 0.1678741349480969 0.42647058823529405 0.2442690311418685 0.21626297577854664
3 0.3021734429065744 0.3814878892733564 0.13916522491349473 0.12629757785467127
3 0.3746756055363322 0.384083044982699 0.06423010380622834 0.08304498269896193
7 0.3338802376858459 0.8355838443513375 0.01966702323147632 0.6777431252509026
8 0.8999497491316528 0.49965682506295633 0.21409390173842183 0.01751665715273675
8 0.0340614186851211 0.352941176470588 0.0681228373702422 0.49134948096885794
8 0.675875865051903 0.29844290657439443 0.05547145328719722 0.1193771626297578
