8 0.3883001730103806 0.3399653979238754 0.10899653979238749 0.4204152249134948
8 0.567852508650519 0.3503460207612457 0.05547145328719722 0.29930795847750863
8 0.23697015570934254 0.3788927335640138 0.07104238754325255 0.19723183391003457
8 0.6656574394463667 0.2880622837370242 0.042820069204152274 0.08477508650519035
3 0.8637002595155708 0.4091695501730104 0.20144896193771614 0.20934256055363318
3 0.6870674740484428 0.4204152249134948 0.15376297577854664 0.14878892733564014
3 0.5225994809688581 0.4057093425605537 0.040873702422145254 0.12283737024221458
3 0.6121323529411764 0.3728373702422145 0.02530276816608996 0.09169550173010378
3 0.47929282006920415 0.397923875432526 0.06325692041522495 0.1280276816608997
7 0.18821530354750785 0.8602351652927657 0.03086450174410995 0.6033273460539543
7 0.5230539064173285 0.7807046297903443 0.39511245674740425 0.03780458275289173
7 0.19950259515570934 0.5155709342560553 0.0038927335640138593 0.006920415224913441
