3 0.0550561797752809 0.5384380592984356 0.1101123595505618 0.7368567153606821
7 0.12661579331620426 0.8049128256383997 0.03259993241085851 0.41411582765600585
7 0.46994003361871434 0.8145282485609748 0.04606741573033699 0.3544188722307819
7 0.7672280030787865 0.9026349574425768 0.028347042252167266 0.31519435239453997
7 0.5855468034619773 0.8273464574139573 0.036834225435334836 0.20858112960507713
7 0.39965784782607955 0.7901998292346221 0.036834225435334815 0.40484276837278943
7 0.350069060387051 0.7261559765622003 0.020709378070185372 0.3264793812337652
7 0.253227776875181 0.6577449119399631 0.020709378070185344 0.17616227916596966
5 0.24351082844772917 0.5839745588122623 0.2516552523237717 0.029962546816479536
5 0.5079623107111887 0.5557445929278958 0.2967475699021812 0.03970989174134279
5 0.6802562737360156 0.6909248436524942 0.10664673511931412 0.03970989174134286
5 0.767016611500247 0.7257179425709174 0.10664673511931401 0.03970989174134296
5 0.9115284216214442 0.6566755970643495 0.17409253606308353 0.04903370545858651
10 0.3387640449438203 0.4344569288389512 0.19662921348314605 0.19775280898876418
10 0.5039325842696629 0.5303370786516854 0.0685393258426965 0.10986267166042467
10 0.4432584269662921 0.5113607990012484 0.07752808988764037 0.09188514357053684
10 0.7089887640449437 0.56729088639201 0.22471910112359544 0.1558052434456929
10 0.9134831460674158 0.5752808988764044 0.1730337078651685 0.11985018726591753
