3 0.2675941080196399 0.5484633569739953 0.19803600654664485 0.2473176941262048
3 0.48199672667757765 0.520821967630478 0.18494271685761057 0.22695035460992863
3 0.08183306055646479 0.5513729769048917 0.16366612111292958 0.28223313329696303
7 0.22978962935685424 0.7874570072557038 0.15091979219074406 0.024350166658354367
7 0.5321348224768339 0.7048761426451171 0.1375042550838906 0.021729985941526017
7 0.9003707114640642 0.6290662035735344 0.2187344035516168 0.02552614836973402
7 0.41115883029166655 0.5693025548698114 0.09298491962955405 0.02931999488585838
7 0.2529566208320519 0.6783923397320183 0.15247872693878675 0.03162103695971478
7 1.0828172371247895 0.8584786200538984 0.1796221155515101 0.034747966915960805
7 0.957145687799863 0.7812134602822469 0.078258858787786 0.04205668594655394
7 0.6288650730369031 0.6006397945803217 0.1134934619126094 0.03993751404342293
5 0.6650323396853146 0.539315798791682 0.16888723774769235 0.02950887601686388
5 0.8455718643826902 0.5822240382654891 0.06962698609122749 0.024624156446508606
5 0.7793067300910453 0.5789855070533594 0.06946913169041471 0.0362592523659098
5 0.9398294161828535 0.5664166456056074 0.11794281613958718 0.03318841418258032
10 0.751227495908347 0.38988907074013457 0.16693944353518816 0.2967812329514457
10 0.8707037643207856 0.5077286779414439 0.248772504091653 0.09019821785779229
10 0.6613696206457941 0.49771679714321576 0.07364975450081836 0.06983087834151647
