7 0.40529437334451124 0.8426913441815603 0.024433670870776466 0.3984558160295737
7 0.9011235955056179 0.8848938826466916 0.1910112359550562 0.03995006242197249
7 0.22752808988764045 0.9348314606741569 0.42359550561797754 0.039950062421972486
7 0.7929440925563356 0.6269834353101766 0.31263627804532645 0.0292481685123667
7 0.8895755791790764 0.5864818775240811 0.2326384547849435 0.041696294409952886
7 0.16218117956386052 0.86349235681658 0.03633126853611989 0.3081193924109259
7 0.28328575943587164 0.7779557978638074 0.019340700161624046 0.16243223572652846
7 0.1149134143333481 0.7167079043991802 0.130629697011624 0.0919904068343807
5 0.1825842696629213 0.6581772784019975 0.3584269662921348 0.03795255930087393
5 0.3802463715522472 0.6563679929932219 0.05168539325842696 0.03595505617977541
5 0.4109934834987724 0.6475885336825408 0.04535571091316947 0.026743856984185993
5 0.6430720779349229 0.5986423723838068 0.44043604237401596 0.03242822954740932
10 0.30112359550561796 0.41048689138576777 0.19550561797752805 0.3935081148564295
10 0.33932584269662924 0.5473158551810237 0.12808988764044943 0.11186017478152306
10 0.5415730337078651 0.5313358302122347 0.24719101123595508 0.07590511860174778
10 0.696629213483146 0.5013732833957554 0.09887640449438194 0.11585518102372035
10 0.802247191011236 0.5263420724094882 0.11685393258426956 0.07390761548064922
10 0.15393258426966291 0.5692883895131086 0.09662921348314604 0.10786516853932582
10 0.04382022471910112 0.5702871410736579 0.08314606741573033 0.09787765293383266
