7 0.4456334189220454 0.7021352818501712 0.8311614911643601 0.040734679032551416
7 0.6881891904283519 0.9168012820196992 0.026310037589040207 0.44804279784883877
7 0.5213868031279135 0.6156467992134335 0.014662854974201627 0.3430402153484515
7 0.38865726182757443 0.6251676631434637 0.012395654854081149 0.3606486047861443
7 0.22005970139590303 0.8927436243900637 0.024565758712193332 0.3912440687535986
7 0.11708210399711483 0.5718164014488165 0.2244783983396833 0.01745771958537928
3 0.08756137479541731 0.37986704036742497 0.1751227495908346 0.19526781414092365
3 0.31014729950900166 0.34769958174213494 0.10638297872340424 0.10183669758137842
3 0.8805237315875613 0.3506092016730315 0.15711947626841252 0.10183669758137846
3 0.933715220949263 0.6140914448045947 0.13256955810147392 0.4600432278525073
3 0.7749590834697219 0.359338061465721 0.07692307692307693 0.07274049827241313
3 0.7037643207855975 0.3549736315693762 0.07855973813420619 0.06401163847972356
