3 0.6194312283737023 0.384083044982699 0.12943339100346024 0.20415224913494814
3 0.47102076124567477 0.3944636678200692 0.1498702422145329 0.15916955017301035
3 0.907277249134948 0.39186851211072665 0.18544550173010393 0.3788927335640139
3 0.3021734429065744 0.3832179930795849 0.05741782006920417 0.1574394463667821
3 0.22334558823529413 0.3737024221453287 0.10413062283737026 0.13840830449826988
8 0.08661332179930796 0.3070934256055363 0.17322664359861592 0.569204152249135
8 0.34450692041522485 0.3243944636678201 0.05839100346020757 0.33391003460207613
8 0.4432850346020761 0.26124567474048443 0.039900519031141925 0.09688581314878895
7 0.9284169550173007 0.1773356401384083 0.08369377162629738 0.09169550173010382
7 0.5210154630681555 0.9425178287978753 0.02383463149956127 0.8885487116034195
7 0.7731736135034182 0.8263718002757483 0.025606022302840606 0.5719823316992328
