7 0.6260229132569557 0.7434078923440626 0.16530278232405884 0.026186579378068585
7 0.14893617021276595 0.757955991998545 0.28477905073649756 0.03782505910165483
7 0.3616649723813608 0.8448434646072736 0.020458564765869762 0.517172247420231
7 0.5584979352292776 0.6708544402682926 0.020222760708177395 0.22319938202391915
7 0.7350437346038263 0.7984204165846225 0.015533668059150817 0.4976583191219815
5 0.15548281505728315 0.5950172758683396 0.2978723404255319 0.026186579378068658
5 0.6258422238228998 0.5433878743171306 0.48966059659223937 0.03345044486923019
5 0.3240589198036007 0.5891980360065466 0.04582651391162031 0.03782505910165476
5 0.34986183761111583 0.5901468632716419 0.06177116320796679 0.0378250591016548
5 0.37828459243468304 0.5719014139241692 0.03515692092969762 0.03562823589035898
10 0.660392798690671 0.44808146935806503 0.09328968903436988 0.1396617566830333
10 0.7954173486088381 0.4742680487361339 0.15384615384615385 0.0698308783415166
10 0.502454991816694 0.47863247863247876 0.2127659574468085 0.0669212584106203
10 0.3289689034369885 0.5033642480450992 0.09819967266775773 0.10474631751227498
10 0.2905073649754501 0.386979450809238 0.1914893617021277 0.32005819239861794
10 0.0597381342062193 0.48024892798335495 0.11947626841243862 0.1742539170829356
