3 0.29050736497545004 0.529550827423168 0.1751227495908347 0.24440807419530827
3 0.49263502454991814 0.5004546281142025 0.16693944353518816 0.20949263502454993
3 0.09083469721767591 0.5440989270776503 0.18166939443535182 0.2793235133660662
7 0.09050323608554196 0.7576622338237557 0.1620294599018002 0.026186579378068585
7 0.3958813289290549 0.6885271340017011 0.13695396636743212 0.018904921234183095
7 0.6977815892833354 0.6310581561759626 0.2279836518989469 0.02919671365014713
7 0.4325791661824189 0.7371538825656226 0.0184137534770374 0.1368823752563893
7 0.0881770412774244 0.9035734275030007 0.02149194807325402 0.2601999995917549
7 0.696354146975751 0.7467446439495131 0.01327904556260049 0.2082812296662945
7 1.0734636361149719 0.8362999227430324 0.16323952516543613 0.03814218203036915
7 0.9659488953094111 0.7631114151504645 0.058086244500206635 0.04404117842956381
7 0.6704452013194816 0.5807842051611185 0.016366612111292932 0.07855973813420646
7 0.6298246429918332 0.5797487171885267 0.013438190397726457 0.0759454062637027
10 0.8044189852700492 0.36515730132751406 0.18166939443535185 0.270594653573377
10 0.8854337152209493 0.491725768321513 0.22913256955810143 0.0814693580651027
5 0.681964956280828 0.5265000510336807 0.18354171542657466 0.023940478034742724
5 0.8543371522094927 0.5630114566284781 0.09819967266775777 0.04364429896344788
5 0.7945990180032733 0.5673758865248227 0.07364975450081829 0.046553918894344334
