10 0.11865793780687398 0.4989998181487543 0.23076923076923075 0.154209856337516
10 0.425531914893617 0.48590652845972004 0.3404255319148936 0.09310783778868888
10 0.6743044189852699 0.44808146935806503 0.14402618657937802 0.1396617566830333
10 0.8527004909983633 0.4684488088743407 0.20294599018003281 0.09310783778868881
5 0.583380097334174 0.5650390993636634 0.6465591899591354 0.03491543917075822
5 0.050736497545008204 0.6895799236224769 0.1014729950900164 0.05819239861793072
5 0.12648291958019064 0.6880311260120494 0.10638297872340402 0.05237315875613742
5 0.21884657389648712 0.6365569907179278 0.09245850456944167 0.04440829273461559
7 0.5555899934659672 0.835008770379196 0.0303019950017462 0.39908788079352264
7 0.11008219905819272 0.8103096305483501 0.018454091466714156 0.20460866088117194
7 0.7858680865891362 0.7883674321469103 0.01658423987208409 0.38791340725086604
