3 0.44669117647058826 0.393598615916955 0.15765570934256054 0.2647058823529412
3 0.24524221453287198 0.4057093425605537 0.22772491349480967 0.25086505190311414
3 0.12991998269896193 0.3347750865051903 0.07493512110726643 0.157439446366782
3 0.8581314878892734 0.4186851211072666 0.2837370242214533 0.4913494809688582
8 0.8398572664359861 0.26211072664359863 0.04282006920415259 0.07785467128027672
8 0.04379325259515571 0.333044982698962 0.08758650519031141 0.4273356401384084
8 0.2155601211072664 0.21885813148788927 0.07493512110726641 0.14013840830449825
8 0.7225886678200691 0.25865051903114183 0.06520328719723195 0.16089965397923872
7 0.32888932649965313 0.872308610013979 0.025727932524493367 0.6350531264755277
7 0.6333164450475292 0.9180914342923263 0.03406141868512103 0.655318185198745
7 0.6413602989903714 0.8127633590630978 0.016544778562564658 0.5433661079983104
