8 0.6354887543252594 0.3486159169550173 0.08758650519031136 0.3719723183391003
8 0.8512171222029447 0.350583712213798 0.07006920415224922 0.32698961937716314
8 0.5143274221453287 0.3771626297577854 0.04379325259515568 0.14878892733564011
3 0.9496107266435986 0.4368512110726644 0.10077854671280279 0.15397923875432531
3 0.7751405709342559 0.40743944636678203 0.057417820069204026 0.14359861591695505
3 0.7279411764705881 0.40051903114186854 0.08564013840830441 0.1297577854671281
3 0.09829152249134948 0.4186851211072664 0.18101211072664358 0.15224913494809683
3 0.21701989619377163 0.4134948096885813 0.06812283737024223 0.08650519031141869
7 0.5234273642181201 0.8628044481361324 0.03795415224913498 0.5397923875432543
7 0.7513857272406738 0.6545216773942485 0.35423875432525925 0.029440947486877624
8 0.13921853343082793 0.7317917034194591 0.2784370668616556 0.04671280276816637
8 0.1488970588235294 0.3243944636678201 0.06617647058823531 0.0709342560553634
