3 0.2569558101472995 0.5062738679759956 0.2520458265139116 0.2967812329514457
5 1.165985038464491 0.5786903544719001 0.33878887070376357 0.03200581923986195
5 0.4877957446307969 0.5409272894869024 0.18187542619751934 0.030831607129176982
5 0.5887874947354595 0.5627858484244114 0.07856387910613745 0.02889716037263814
5 0.6424103214409874 0.5644105751192434 0.07856387910613728 0.028897160372638172
7 0.8157206079494899 0.7385441312344253 0.23194972808959016 0.028265715062080594
7 0.8493446023615331 0.8015218932842226 0.15179530544519718 0.06201138906618313
7 0.15605138755169815 0.625159172143378 0.12808595865299746 0.05032068987581748
7 0.33520946293831605 0.8053434837420668 0.2250401969699713 0.029191121712505104
7 0.7280081536093472 0.6045797085102064 0.2250401969699713 0.029191121712505104
7 0.5943932373765748 0.7044075223882639 0.14881807353479923 0.029988679558034352
7 0.5210392364566981 0.5692185587820946 0.05750225165018799 0.040081843384252636
10 0.8355155482815058 0.47879411801790667 0.3289689034369886 0.09634073649044154
10 0.5720130932896889 0.3826150209128933 0.17184942716857612 0.2589561738497909
10 0.5834697217675942 0.4960901982178576 0.15548281505728317 0.09019821785779268
