5 0.5906983467864039 0.552705788549834 0.5761047463175121 0.03200581923986181
5 0.07855973813420623 0.6372067648663393 0.15711947626841247 0.04655391889434444
5 0.16432855220725792 0.650155298016266 0.15711947626841247 0.04655391889434444
5 0.22418817709456768 0.645149467340326 0.12404078004989032 0.04297602299501493
5 0.27620658448007485 0.6199630521397506 0.09260104459216353 0.0347524172603263
10 0.17757774140752866 0.5019094380796508 0.20130932896890344 0.13675213675213668
10 0.4509001636661211 0.47572285870158204 0.30605564648117844 0.07855973813420619
10 0.6505728314238952 0.4524458992544099 0.1260229132569558 0.1309328968903437
10 0.7937806873977087 0.46262956901254776 0.15711947626841252 0.07565011820330966
10 0.1440261865793781 0.31294578195680467 0.2880523731587562 0.4629528477834039
7 0.5394693271893902 0.8343695701455579 0.029074940801909838 0.4836838336945631
7 0.7367401627470868 0.7963024907378073 0.01862952160722038 0.4828300789581952
7 0.22156649155866714 0.8486672378192596 0.023218158628959654 0.41732189095047284
