3 0.1751227495908347 0.5542825968357881 0.22258592471358424 0.27641389343516964
3 0.4288052373158757 0.5048190580105474 0.18003273322422275 0.21822149481723938
5 0.6218382525436094 0.5313762386051476 0.17348608837970525 0.032005819239861774
5 0.7870830028538295 0.5661076011112579 0.0769230769230769 0.03200581923986182
5 0.7222975375248084 0.56166540583594 0.060468574329304754 0.036980413800818845
5 0.9120088274432887 0.5422240861303597 0.17040346086490726 0.02722149687969971
7 0.32569080956295166 0.7346642640583996 0.13584288052373147 0.037825059101655
7 0.3618420977818716 0.5750974548036346 0.09848731508314336 0.03849862093603233
7 0.12389035192960282 0.6932263399667781 0.08304860074482442 0.03888334642822744
7 0.9359465957311514 0.7593482468925815 0.124734435551288 0.042171093736693234
7 1.0825431792734355 0.8301568891589076 0.1966985012949955 0.03662354203956214
7 0.8131890266697972 0.6067457064034051 0.18836639025970697 0.021763803646751387
7 0.6926423259781292 0.6684613769923103 0.11855940122918068 0.014755967689495983
