7 0.8202986264608694 0.8265123266348227 0.3007371670772834 0.04437339280161215
7 0.3780916235410825 0.8125991129573907 0.2995035493538237 0.02913502613874245
7 0.2954512798572837 0.6829840246233713 0.22330793926785236 0.028735865686608117
7 0.7278670813808731 0.7467611687680702 0.03198481225928804 0.3384930807643909
7 0.33535658601984614 0.6516364020732185 0.024409440812565786 0.11376728280385412
7 0.2656567318436432 0.6246019862955842 0.024409440812565776 0.12390714115754892
7 0.4035380040147938 0.639424483956298 0.026294399663747504 0.06652685403517859
10 0.8878887070376432 0.43498817966903075 0.15220949263502462 0.154209856337516
10 0.618657937806874 0.4800872885979269 0.34697217675941083 0.0814693580651027
10 0.2692307692307692 0.3753409710856519 0.1227495908346972 0.29096199308965265
10 0.4492635024549918 0.3724313511547554 0.1653027823240589 0.2967812329514457
5 0.3202185416196954 0.5480008790372977 0.2356792144026187 0.03782505910165482
5 0.7625675237937773 0.5397856633029915 0.4482128575964596 0.03782505910165485
5 0.46317512274959083 0.5731951263866157 0.06873977086743047 0.04073467903255135
5 0.5092599234402657 0.5714659861060509 0.06873977086743038 0.04073467903255144
3 0.09574468085106384 0.5428057564976299 0.1914893617021277 0.4041138916237605
