3 0.8063725490196079 0.5367344409552015 0.38725490196078427 0.41464535249863843
8 0.8441176470588235 0.1681917211328976 0.0392156862745098 0.3050108932461873
8 0.20441176470588232 0.40610021786492384 0.059803921568627454 0.791285403050109
8 0.3549019603736582 0.4488017010343314 0.027450980392156835 0.4061002178649237
10 0.09117647058823529 0.45664488017429194 0.16078431372549018 0.8505446623093681
10 0.2950980392156863 0.4671023965141612 0.0784313725490196 0.4357298474945533
5 0.49019607860736786 0.6178650284599232 0.22941176470588232 0.04705882352941167
5 0.23984066897442866 0.935511577519033 0.03494654980864006 0.37294645629422113
7 0.6302877596700013 0.9335784718959852 0.026625167214911857 0.5161504801309071
3 0.4735294117647059 0.4932461873638344 0.17647058823529413 0.09760348583878
