3 0.9038711072664358 0.46193771626297575 0.19225778546712818 0.7024221453287197
8 0.6388948961937715 0.35813148788927335 0.08272058823529406 0.28719723183391005
8 0.8172513512106028 0.3445277312983483 0.04282006920415223 0.28373702422145347
3 0.7342668685121105 0.3953287197231834 0.1021842560553634 0.12975778546712802
3 0.17517301038062286 0.3996539792387543 0.22383217993079588 0.1107266435986159
3 0.29779411764705876 0.40484429065743943 0.04476643598615919 0.05536332179930795
3 0.33623486159169547 0.4108996539792388 0.06131055363321803 0.025951557093425635
8 0.011678200692041518 0.4480968858131487 0.023356401384083035 0.11418685121107261
8 0.5498486159169551 0.3806228373702422 0.036980968858131506 0.13494809688581313
8 0.5240592560553633 0.38840830449826996 0.02432958477508656 0.11591695501730113
7 0.5342702067564538 0.8407776841632759 0.022494736879673224 0.5935682564779405
7 0.1464641003460206 0.7456548251986079 0.2929282006920412 0.031141868512110572
7 0.7298875432525951 0.7396193771626298 0.16349480968858132 0.04671280276816603
7 0.6695501730103806 0.5579584775086505 0.2296712802768166 0.015570934256055366
