7 0.2211366427150661 0.9034381388818192 0.026612669892400295 0.4304631230600634
8 0.31685321731987115 0.6970154348849564 0.17228327614513264 0.03196397808289804
7 0.091965830449827 0.703287197231834 0.1761461937716263 0.03979238754325252
7 0.14646410034602073 0.6608996539792388 0.24037629757785464 0.03806228373702424
8 0.8684402814601401 0.5028191263491985 0.1644679930795842 0.02595155709342563
8 0.7712478373702422 0.3209342560553633 0.06714965397923876 0.14705882352941177
3 0.15181660899653968 0.4480968858131487 0.2939013840830448 0.3044982698961938
3 0.9695609861591694 0.4887543252595156 0.06087802768166099 0.1574394463667821
3 0.33136894463667815 0.41435986159169547 0.1625216262975778 0.16435986159169552
3 0.8641868512110726 0.416955017301038 0.23356401384083028 0.1695501730103806
3 0.7109104671280275 0.41782006920415227 0.06714965397923876 0.08477508650519035
3 0.6530060553633217 0.41608996539792387 0.06812283737024216 0.06747404844290657
