7 0.827226520620004 0.7897650865164972 0.2778631020780591 0.03901220681543066
7 0.3541639168852218 0.6551217500540072 0.18726655162527797 0.02986647051751487
3 0.13584288052373156 0.5268028468776994 0.2716857610474631 0.3255541534895549
7 0.43548542777428645 0.7465423913193158 0.275154893045861 0.035248887560617004
7 0.8530896746257508 0.859149206075401 0.14392000062763383 0.057655364051705175
5 0.7896890343698854 0.5368248772504092 0.41407528641571206 0.0378250591016549
5 0.3871411137303028 0.5434223622192598 0.2037465874078196 0.033970459819128204
5 0.5 0.5601018366975814 0.060556464811784 0.0378250591016549
5 0.5493218515791358 0.5642166974098572 0.06055646481178395 0.03782505910165492
7 0.33776180570738334 0.6052303295306991 0.024549918166939407 0.10183669758137888
7 0.38748112330160694 0.6238922044974844 0.02454991816693935 0.10183669758137881
7 0.44798528634461443 0.6161422080143197 0.013508088159145453 0.07112442975504409
10 0.9304418985270049 0.42334969994544464 0.13256955810147303 0.16584833606110203
10 0.67430441898527 0.4713584288052373 0.353518821603928 0.07565011820330966
10 0.4803600654664485 0.3884342607746863 0.19148936170212763 0.2822331332969631
10 0.36170212765957444 0.3913438807055828 0.17021276595744678 0.24731769412620466
